2000 2251 2502 2753
2001 2252 2503 2754
2002 2253 2504 2755
2003 2254 2505 2756
2004 2255 2506 2757
2005 2256 2507 2758
2006 2257 2508 2759
2007 2258 2509 2760
2008 2259 2510 2761
2009 2260 2511 2762
2010 2261 2512 2763
2011 2262 2513 2764
2012 2263 2514 2765
2013 2264 2515 2766
2014 2265 2516 2767
2015 2266 2517 2768
2016 2267 2518 2769
2017 2268 2519 2770
2018 2269 2520 2771
2019 2270 2521 2772
2020 2271 2522 2773
2021 2272 2523 2774
2022 2273 2524 2775
2023 2274 2525 2776
2024 2275 2526 2777
2025 2276 2527 2778
2026 2277 2528 2779
2027 2278 2529 2780
2028 2279 2530 2781
2029 2280 2531 2782
2030 2281 2532 2783
2031 2282 2533 2784
2032 2283 2534 2785
2033 2284 2535 2786
2034 2285 2536 2787
2035 2286 2537 2788
2036 2287 2538 2789
2037 2288 2539 2790
2038 2289 2540 2791
2039 2290 2541 2792
2040 2291 2542 2793
2041 2292 2543 2794
2042 2293 2544 2795
2043 2294 2545 2796
2044 2295 2546 2797
2045 2296 2547 2798
2046 2297 2548 2799
2047 2298 2549 2800
2048 2299 2550 2801
2049 2300 2551 2802
2050 2301 2552 2803
2051 2302 2553 2804
2052 2303 2554 2805
2053 2304 2555 2806
2054 2305 2556 2807
2055 2306 2557 2808
2056 2307 2558 2809
2057 2308 2559 2810
2058 2309 2560 2811
2059 2310 2561 2812
2060 2311 2562 2813
2061 2312 2563 2814
2062 2313 2564 2815
2063 2314 2565 2816
2064 2315 2566 2817
2065 2316 2567 2818
2066 2317 2568 2819
2067 2318 2569 2820
2068 2319 2570 2821
2069 2320 2571 2822
2070 2321 2572 2823
2071 2322 2573 2824
2072 2323 2574 2825
2073 2324 2575 2826
2074 2325 2576 2827
2075 2326 2577 2828
2076 2327 2578 2829
2077 2328 2579 2830
2078 2329 2580 2831
2079 2330 2581 2832
2080 2331 2582 2833
2081 2332 2583 2834
2082 2333 2584 2835
2083 2334 2585 2836
2084 2335 2586 2837
2085 2336 2587 2838
2086 2337 2588 2839
2087 2338 2589 2840
2088 2339 2590 2841
2089 2340 2591 2842
2090 2341 2592 2843
2091 2342 2593 2844
2092 2343 2594 2845
2093 2344 2595 2846
2094 2345 2596 2847
2095 2346 2597 2848
2096 2347 2598 2849
2097 2348 2599 2850
2098 2349 2600 2851
2099 2350 2601 2852
2100 2351 2602 2853
2101 2352 2603 2854
2102 2353 2604 2855
2103 2354 2605 2856
2104 2355 2606 2857
2105 2356 2607 2858
2106 2357 2608 2859
2107 2358 2609 2860
2108 2359 2610 2861
2109 2360 2611 2862
2110 2361 2612 2863
2111 2362 2613 2864
2112 2363 2614 2865
2113 2364 2615 2866
2114 2365 2616 2867
2115 2366 2617 2868
2116 2367 2618 2869
2117 2368 2619 2870
2118 2369 2620 2871
2119 2370 2621 2872
2120 2371 2622 2873
2121 2372 2623 2874
2122 2373 2624 2875
2123 2374 2625 2876
2124 2375 2626 2877
2125 2376 2627 2878
2126 2377 2628 2879
2127 2378 2629 2880
2128 2379 2630 2881
2129 2380 2631 2882
2130 2381 2632 2883
2131 2382 2633 2884
2132 2383 2634 2885
2133 2384 2635 2886
2134 2385 2636 2887
2135 2386 2637 2888
2136 2387 2638 2889
2137 2388 2639 2890
2138 2389 2640 2891
2139 2390 2641 2892
2140 2391 2642 2893
2141 2392 2643 2894
2142 2393 2644 2895
2143 2394 2645 2896
2144 2395 2646 2897
2145 2396 2647 2898
2146 2397 2648 2899
2147 2398 2649 2900
2148 2399 2650 2901
2149 2400 2651 2902
2150 2401 2652 2903
2151 2402 2653 2904
2152 2403 2654 2905
2153 2404 2655 2906
2154 2405 2656 2907
2155 2406 2657 2908
2156 2407 2658 2909
2157 2408 2659 2910
2158 2409 2660 2911
2159 2410 2661 2912
2160 2411 2662 2913
2161 2412 2663 2914
2162 2413 2664 2915
2163 2414 2665 2916
2164 2415 2666 2917
2165 2416 2667 2918
2166 2417 2668 2919
2167 2418 2669 2920
2168 2419 2670 2921
2169 2420 2671 2922
2170 2421 2672 2923
2171 2422 2673 2924
2172 2423 2674 2925
2173 2424 2675 2926
2174 2425 2676 2927
2175 2426 2677 2928
2176 2427 2678 2929
2177 2428 2679 2930
2178 2429 2680 2931
2179 2430 2681 2932
2180 2431 2682 2933
2181 2432 2683 2934
2182 2433 2684 2935
2183 2434 2685 2936
2184 2435 2686 2937
2185 2436 2687 2938
2186 2437 2688 2939
2187 2438 2689 2940
2188 2439 2690 2941
2189 2440 2691 2942
2190 2441 2692 2943
2191 2442 2693 2944
2192 2443 2694 2945
2193 2444 2695 2946
2194 2445 2696 2947
2195 2446 2697 2948
2196 2447 2698 2949
2197 2448 2699 2950
2198 2449 2700 2951
2199 2450 2701 2952
2200 2451 2702 2953
2201 2452 2703 2954
2202 2453 2704 2955
2203 2454 2705 2956
2204 2455 2706 2957
2205 2456 2707 2958
2206 2457 2708 2959
2207 2458 2709 2960
2208 2459 2710 2961
2209 2460 2711 2962
2210 2461 2712 2963
2211 2462 2713 2964
2212 2463 2714 2965
2213 2464 2715 2966
2214 2465 2716 2967
2215 2466 2717 2968
2216 2467 2718 2969
2217 2468 2719 2970
2218 2469 2720 2971
2219 2470 2721 2972
2220 2471 2722 2973
2221 2472 2723 2974
2222 2473 2724 2975
2223 2474 2725 2976
2224 2475 2726 2977
2225 2476 2727 2978
2226 2477 2728 2979
2227 2478 2729 2980
2228 2479 2730 2981
2229 2480 2731 2982
2230 2481 2732 2983
2231 2482 2733 2984
2232 2483 2734 2985
2233 2484 2735 2986
2234 2485 2736 2987
2235 2486 2737 2988
2236 2487 2738 2989
2237 2488 2739 2990
2238 2489 2740 2991
2239 2490 2741 2992
2240 2491 2742 2993
2241 2492 2743 2994
2242 2493 2744 2995
2243 2494 2745 2996
2244 2495 2746 2997
2245 2496 2747 2998
2246 2497 2748 2999
2247 2498 2749 3000
2248 2499 2750
2249 2500 2751
2250 2501 2752
